A 0.010 32.953886976 0.021282623508
B 0.012 33.8790034661 0.0281555226458
C 0.014 33.8421407403 0.00616208223779 
D 0.016 34.1185670426 0.00523509043057 
E 0.019 34.5934459829 0.00730352158383 
F 0.023 34.9390265264 0.00315002507549 
G 0.026 35.2520963261 0.00372933355156 
H 0.031 35.7485016537 0.00322214510402 
I 0.037 36.0697876073 0.0032257359739 
J 0.043 36.4345704737 0.00564648144872 
K 0.051 36.6511105942 0.00863065892102 
L 0.060 37.1580141133 0.0038550673966 
M 0.070 37.4301732516 0.00434008715787 
N 0.082 37.9566163488 0.00298667268817 
N 0.097 38.2532540406 0.00359204393262 
O 0.114 38.6128693372 0.00140131149051 
P 0.134 39.0678507056 0.00149104975394 
Q 0.158 39.3414019038 0.00120329821506 
R 0.186 39.7921436157 0.00103299596036 
S 0.218 40.1565346033 0.00108646960695 
T 0.257 40.5649560582 0.00100614407898 
U 0.302 40.9052877824 0.00154151713393 
V 0.355 41.4214174356 0.00112733222994 
W 0.418 41.7909234574 0.00172396473301 
X 0.491 42.2314610669 0.00155009740037 
Y 0.578 42.6170470706 0.00129206346822 
Z 0.679 43.0527314851 0.00394105776633 
A 0.799 43.5041508283 0.00298022474647 
B 0.940 43.9725734093 0.00446592919924 
C 1.105 44.5140875789 0.0239022842719 
D 1.300 44.8218674621 0.0191690188206
